[-16.10118     -7.7103496  -14.874422   -15.056229   -15.785595
 -15.261233   -16.108976   -15.635207   -15.475824    -6.900836
 -17.44028    -15.45924    -15.683676   -16.631605   -16.14051
 -15.864085   -15.498245   -15.3184805  -15.797354   -15.7039995
 -15.553559   -16.108854   -15.336373   -16.11353    -15.821559
 -15.667833   -16.385769   -16.141575   -16.44803    -15.089766
 -16.674273   -15.611406    -2.8979278  -10.188014   -15.140873
 -15.859583   -15.773794   -14.751886   -13.413168    -6.475807
 -11.728941   -13.83334    -15.81762    -15.140581    -6.8331575
  -8.361754    -9.423336   -15.900587   -15.324067   -12.541773
 -14.06328    -15.189541   -15.6322     -14.757023   -17.029152
 -16.632172   -15.986424   -16.142338   -10.879096    -9.957594
 -16.822298   -16.539265   -15.934593   -10.77592    -16.07098
 -15.086382   -15.651619   -15.685901   -15.31572    -16.959274
 -16.297163   -16.55426    -16.084536   -15.6070175  -16.039923
 -15.169783   -15.701897   -15.642902   -15.540045   -15.197399
 -15.997715   -15.336569   -15.641312   -16.735443   -16.725622
 -15.650306   -15.3578415  -15.21858    -15.484444   -15.807777
 -15.426942   -12.014254   -15.849207   -10.682616   -15.080725
 -16.010426   -16.200886    -7.166699    -4.7087946   -3.0943446
  -4.2621293   -7.2054787   -4.577691    -3.7995567   -8.763118
  -5.339815    -6.551727    -7.927452    -2.9354386   -4.94391
  -0.59206676  -8.756128    -5.0394635   -8.377456    -3.0658097
  -2.294364    -3.1854587   -4.8719788   -7.5706873   -5.2413244
  -7.334611    -4.889082    -8.782778   -15.340536    -9.724522
 -16.009277   -15.542119   -14.801979   -14.380108   -16.495815
 -16.0123     -16.989769   -16.40142    -15.885298   -15.65361
 -15.50029    -14.058365   -14.644902   -14.999418   -16.284811
 -16.399609   -15.92098    -15.253723   -16.013947   -15.805504
 -16.763454   -16.272167   -15.174818   -15.89245    -16.696003
 -14.699305   -16.24901    -15.771971   -16.634766   -14.9452
 -15.3781805  -14.964489   -16.342278   -16.439718   -16.334843
 -16.156013   -15.71708    -16.136244   -16.725542   -17.320345
 -15.779127   -15.268417   -15.093195   -15.60426    -15.861491
 -16.319233   -16.392292   -16.015501   -17.123238   -16.324257
 -15.798218   -16.404263   -14.9201565  -14.940329   -15.504341
 -14.888851   -15.53014    -16.619276   -15.707544   -16.192835
 -15.727267   -15.376639   -15.489449   -16.743345   -16.860422
 -15.518111   -15.704572   -16.156548   -16.545872   -15.236698
 -15.556604   -15.022591   -15.884826   -14.948778   -15.340906
 -15.421987   -16.244558   -15.020123   -15.131279   -16.730453
 -15.64242    -16.254192   -16.127096   -16.357546   -16.729166
 -16.486721   -15.18177    -15.859533   -15.88694    -16.588783
 -16.372532   -17.15987    -15.342758   -15.841648   -15.826679
 -16.642      -16.334457   -16.492336   -14.946943   -15.681008
 -16.133163   -16.76671    -15.413905   -15.765612   -16.57788
 -15.661682   -15.52934    -15.596998   -15.290476   -15.839275
 -15.2342     -14.464371   -16.250427   -15.791149   -14.209606
 -15.719622   -14.775869   -14.740267   -15.509077   -15.893981
 -16.226593   -16.471825   -14.944511   -16.315517   -14.853624
 -15.508481   -15.919893   -15.013146   -15.117954   -15.128979
 -15.567621  ]